28.9491 -13.608 0 0
28.9487 -13.6058 0 12
28.9454 -13.6073 0 21
28.9393 -13.6109 0 23
28.9364 -13.6117 0 11
28.9452 -13.6054 0 139
28.9775 -13.5845 1625 185
29.0101 -13.5537 2675 242
29.0383 -13.5161 4250 270
29.0767 -13.4978 6025 286
29.1524 -13.4929 8375 316
29.4243 -13.473 15300 382
30.1257 -13.5268 27850 433
30.2976 -13.458 30200 435
31.52 -12.9417 36000 459
32.7845 -12.3938 36000 469
34.6101 -11.5716 36000 475
35.9305 -10.953 36000 470
37.0683 -10.6678 36000 478
38.4093 -10.3257 36000 471
39.7454 -9.9711 36000 479
41.1013 -9.5973 36000 487
42.4772 -9.0847 36000 500
43.8453 -8.4431 36000 514
45.2581 -7.7726 36000 522
46.6465 -7.2065 36000 536
48.1402 -6.5618 36000 549
49.1149 -6.1028 36000 558
49.1739 -6.0302 36000 563
50.1112 -4.5898 15000 470
50.3646 -4.1871 8150 399
50.4983 -3.958 5650 304
50.5722 -3.8363 4475 244
50.6146 -3.7698 3900 194
50.6577 -3.7053 3525 185
50.6905 -3.6541 3125 184
50.7026 -3.6162 2625 175
50.7081 -3.5794 2150 174
50.7184 -3.5153 1350 145
50.7276 -3.4568 600 137
50.7359 -3.4033 0 39
50.7365 -3.4 0 7
50.7351 -3.409 0 27
50.7322 -3.4117 0 12
